0 216 684 27 682
1 304 1052 59 1052
2 364 1560 364 1477
3 644 660 494 189
4 904 492 915 325
5 908 1412 762 1412
6 912 2212 824 2061
7 1004 1856 1000 1934
8 1224 528 946 339
9 1328 944 1013 1022
10 1427 202 1243 47
11 1552 2220 1540 2318
12 1768 1860 1311 1916
13 1948 1084 2199 754
14 2064 2124 2060 2381
15 2132 252 2045 250
16 2220 1216 2635 1204
17 2228 1556 2342 1800
18 2264 1672 2342 1800
19 2464 636 2464 729
20 2500 940 2500 804
21 2500 1292 2596 1292
22 2528 1860 2519 1761
23 2542 272 2479 164
24 2660 2236 2660 2373
25 2904 1412 2733 1412
26 2948 308 2790 131
27 3140 219 3177 104
28 3144 1028 2913 1027
29 3244 660 2850 776
30 3404 2252 3267 2251
31 3452 280 3367 131
32 3508 1120 3412 1030
33 3576 780 3472 855
34 3576 1832 3467 1959
35 3684 2200 3661 2143
36 3776 408 3775 97
37 3908 1236 4002 1347
38 3955 1495 4008 1401
39 4244 1640 4229 1483
40 4256 264 4157 175
41 4404 824 4493 924
42 4469 1753 4466 1677
43 4600 84 4572 46
44 4844 868 4843 773
45 4844 2168 4900 2142
